a,b
-210.0,0.0
-208.29522324457514,0.00017539073157451276
-206.58544714382643,0.00037026932221236795
-204.87567104307774,0.0005846357719141194
-203.17089428765289,0.0008184900806797672
-201.46111818690417,0.0010328565303817955
-199.75134208615546,0.0012667108391474435
-198.0465653307306,0.001539540866040607
-196.33678922998192,0.0017539073157426352
-194.63201247455706,0.002065713060763591
-192.9272357191322,0.0023385430876567545
-191.2224589637073,0.002630860973613814
-189.5176822082824,0.0029426667186344935
-187.80290676220986,0.003293448181782965
-186.09813000678494,0.003605253926803921
-182.68357715061137,0.00434579257122838
-180.97380104986266,0.004774525470631883
-179.26902429443777,0.005183770510972043
-175.85447143826417,0.006119187746034635
-174.14469533751546,0.006625872081693446
-172.43991858209057,0.007152044276416154
-170.73014248134186,0.007736680048330273
-169.02536572591694,0.00834080367930829
-165.61081286974337,0.009704953813774382
-163.90103676899466,0.010484468176326357
-162.19126066824595,0.011283470397942228
-160.48648391282106,0.012160424055813685
-158.77670781207237,0.013115329149939894
-157.07693040197128,0.014128697821257793
-155.36715430122257,0.015239505787894344
-153.66237754579768,0.016447753049850376
-151.95260144504897,0.017792415325252574
-150.24282534430026,0.019234516895974253
-148.5380485888754,0.020813033480142098
-146.8282724881267,0.02254745293682056
-145.12349573270177,0.024476750984137152
-143.4187189772769,0.0266204154811555
-141.7089428765282,0.028978446427875875
-139.99916677577949,0.03157033168336162
-138.29439002035457,0.03449351054293194
-136.58461391960586,0.03772849514752322
-134.879837164181,0.04133374907432686
-133.17006106343229,0.04534824804147066
-131.46028496268357,0.04973301633082628
-129.75550820725869,0.05462446895584099
-128.04573210650997,0.059964142339323095
-126.34095535108509,0.06579101219940012
-126.34095535108509,0.06579101219940012
-124.63117925033639,0.0720271270998173
-122.92640249491149,0.07863351132244657
-121.22162573948658,0.08551272557196901
-119.51184963873789,0.09254784269400206
-117.80707288331301,0.09958295981603484
-116.0972967825643,0.10640371048836586
-114.39252002713938,0.11281521612035728
-112.68774327171451,0.11858362240324288
-110.97796717096581,0.1234750750282576
-109.2681910702171,0.127294695404763
-107.5634143147922,0.12992555637837624
-105.85363821404349,0.13123124293565122
-104.1438621132948,0.13000350781463155
-102.43408601254609,0.12770394044510258
-100.7293092571212,0.12446895584051132
-99.01953315637249,0.12059087188681479
-97.30975705562378,0.1162840550337142
-95.60498030019889,0.11176287173091186
-93.89520419945018,0.10720271270998173
-92.1904274440253,0.1027594808434347
-90.48565068860044,0.09862805472190862
-88.77587458785173,0.09484741006353074
-87.07109783242684,0.09143703472736524
-85.36632107700194,0.08851385586779491
-83.66154432157705,0.0859804341895003
-81.95176822082834,0.08389523326967337
-80.24199212007963,0.08221927739018632
-78.53721536465476,0.08099154226916666
-76.82743926390604,0.08013407647035939
-75.12266250848116,0.07962739213470058
-73.41288640773244,0.07949097712125386
-71.70311030698373,0.07968585571189199
-69.99833355155884,0.0801925400475508
-68.28855745081013,0.08105000584635808
-66.58378069538526,0.08219978953112242
-64.87400459463655,0.08370035467903551
-63.164228493887826,0.08547374985384149
-61.459451738462946,0.08763690220992373
-59.754674983038065,0.09011186031102665
-58.04489888228935,0.09293759987527804
-56.34012212686444,0.0961141209026782
-54.63034602611575,0.09969988697041794
-52.92556927069085,0.10373387379662509
-51.22079251526597,0.10817710566317239
-49.51101641451726,0.11310753400631461
-47.80623965909237,0.11858362240324316
-46.09646355834366,0.12462485871302222
-44.386687457594945,0.13128970651284289
-42.681910702170065,0.13867560509802443
-42.681910702170065,0.13867560509802443
-40.97213460142133,0.14682153018669403
-39.26735784599647,0.1558444089332351
-37.55758174524776,0.16584168063296598
-35.85280498982283,0.17694976029933396
-34.14302888907412,0.18928557508672134
-32.433252788325426,0.20306349144483038
-30.728476032900566,0.21847838796429866
-29.02369927747564,0.23580309467201968
-27.313923176726927,0.2553689051720782
-25.604147075978215,0.2776435280820053
-23.899370320553377,0.30317262345558765
-22.19459356512845,0.3328136570916324
-20.484817464379738,0.36779436411115896
-18.775041363631026,0.4099855789842931
-17.070264608206166,0.46232996842966845
-15.365487852781236,0.5287835678372378
-13.6607110973564,0.6088591807304051
-11.950934996607687,0.6780410804069066
-10.241158895858975,0.7199204895350197
-8.536382140434116,0.7681919164360606
-6.826606039685333,0.8243364383988776
-5.121829284260498,0.8858401216042405
-3.412053183511785,0.9356900650894494
-1.7072764280868558,0.9798105780098998
0.002499672661786523,0.993101297891414
1.7122757734105454,1.0
3.412053183511552,0.9751334918345871
5.126828629584117,0.9456288732119891
6.83160538500907,0.8963245897805668
8.536382140433929,0.8433371009860857
10.246158241182595,0.7693806758389524
11.950934996607547,0.688213742838212
13.660711097356167,0.6070078341193439
15.370487198104971,0.5319016252874459
17.07526395352983,0.47041742994114666
18.785040054278497,0.4205674864559381
20.484817464379596,0.3792532252406752
22.194593565128308,0.3442725182211483
23.90436966587702,0.31418326382663614
25.60914642130188,0.2880305569630122
27.318922522050546,0.26501539540866065
29.023699277475497,0.24470904626417764
30.73347537822421,0.22668277663015968
32.43825213364907,0.21058580504345806
34.143028889073975,0.1962037650543713
35.85780433514645,0.1832833144950698
37.5625810905714,0.17162957477491547
39.26735784599631,0.1611256187395255
40.97713394674497,0.15165451923451703
42.68691004749373,0.14307986124644365
42.68691004749373,0.14307986124644365
44.39168680291859,0.13532369333905003
46.101462903667304,0.128288576217017
47.806239659092206,0.12191604630315336
49.516015759840876,0.11616712787933138
51.22579186058963,0.1109443816502321
52.93056861601449,0.1062283197567919
54.6403447167632,0.10196047862181883
56.34012212686426,0.09816034610437734
58.04989822761297,0.09473048290914791
59.75467498303783,0.0916903768951945
61.46445108378654,0.08902054020345344
63.169227839211494,0.08670148497486087
64.87900393996016,0.08467474763222535
66.58378069538502,0.08299879175273829
68.29355679613373,0.08165412947733582
69.99833355155869,0.0806212729469543
71.7081096523074,0.07990022216159345
73.41788575305607,0.07952995283938137
75.12266250848101,0.07945200140312605
76.83243860922964,0.07974431928908313
78.53721536465459,0.08040690649725254
80.2469914654033,0.08138129945044266
81.95176822082811,0.08280391316210016
83.66154432157691,0.08457730833690641
85.37132042232554,0.08681841212924368
87.0760971777504,0.08944927310285723
88.7858732784992,0.09250886697587427
90.49065003392401,0.0959582180301673
92.19542678934887,0.09977783840667297
93.90020354477383,0.10388977666913542
95.60997964552254,0.10817710566317211
97.3147564009474,0.11258136181159163
99.02453250169611,0.11690766652375584
100.72930925712102,0.12101960478621829
102.43908535786973,0.12466383443114973
104.14886145861844,0.12766496472697536
105.8536382140433,0.12984760494212122
107.5584149694682,0.13093892504969415
109.26819107021691,0.13082199789531132
110.97796717096563,0.12945784776084523
112.68274392639049,0.12676852321004028
114.39252002713926,0.12279299996102455
116.09729678256411,0.11776513232256312
117.80707288331283,0.11180184744903937
119.51184963873769,0.10513699964921869
121.2216257394864,0.09806290680905812
122.93140184023515,0.09081342323732332
124.63617859566001,0.0835834275246524
126.34595469640873,0.07654831040261936
128.04573210650983,0.06992243832092619
128.05073145183363,0.06992243832092619
129.7555082072585,0.06368632342050928
131.46028496268335,0.0579374049966873
133.17006106343206,0.05271465876758801
134.874837818857,0.047998596874147544
136.58461391960572,0.04371126788011085
138.28939067503055,0.03987215964454156
140.0041661211031,0.03642280859024853
141.70894287652797,0.0333242389991037
143.41871897727668,0.030517987293916204
145.12849507802542,0.028023541333749385
146.83327183345028,0.02574346182328432
148.53804858887514,0.0237167244806488
150.24782468962397,0.02186537786958751
151.95760079037268,0.020169934131036567
153.66237754579754,0.01866936898312375
155.36715430122234,0.017246755271466248
157.07693040197105,0.015960556573255184
158.78670650271985,0.014810772888490841
160.4914832581447,0.013719452780917633
162.20125935889342,0.01272557196866363
163.9010367689945,0.011809642592664935
165.6108128697432,0.01097166465292155
167.3205889704919,0.010172662431305402
169.02536572591683,0.009432123786880943
170.73514182666548,0.008769536578711792
172.4399185820904,0.00812643722960626
174.1446953375153,0.007522313598628244
175.85947078358782,0.006957165685778022
177.5642475390127,0.00645048135011921
179.26902429443757,0.005924309155396503
180.97880039518628,0.005456600537865207
182.6835771506112,0.005008379779397808
184.3933532513599,0.004599134739057924
187.80790610753348,0.0038196203765056727
189.5176822082822,0.0034688389133572008
191.22245896370708,0.0031570331683362447
192.9322350644558,0.0028257395642516695
194.63701181988066,0.00253342167829461
196.34678792062937,0.002221615933273931
198.05656402137808,0.0019487859063804904
199.7563414314792,0.0016954437385512233
201.46611753222786,0.001422613711657783
203.17089428765271,0.0011887594028921352
204.87567104307766,0.0009354172350628681
208.29522324457508,0.0005066843356590882
210.0,0.0003118057450212329
